          0,20	    121,47
          0,40	    117,00
          0,60	    114,52
          0,80	    112,89
          1,00	    121,69
          1,20	    115,10
          1,40	    114,93
          1,60	    111,82
          1,80	    117,95
          2,00	    111,60
          2,20	    113,00
          2,40	    112,17
          2,60	    112,27
          2,80	    113,85
          3,00	    112,73
          3,20	    118,28
          3,40	    112,27
          3,60	    112,00
          3,80	    116,74
          4,00	    114,42
          4,20	    112,62
          4,40	    115,07
          4,60	    113,54
          4,80	    112,65
          5,00	    118,92
          5,20	    113,54
          5,40	    114,24
          5,60	    114,08
          5,80	    117,88
          6,00	    114,20
          6,20	    118,84
          6,40	    113,89
          6,60	    117,62
          6,80	    114,47
          7,00	    118,37
          7,20	    114,46
          7,40	    118,05
          7,60	    114,19
          7,80	    118,05
          8,00	    115,40
          8,20	    118,08
          8,40	    115,32
          8,60	    117,90
          8,80	    114,33
          9,00	    117,75
          9,20	    114,30
          9,40	    117,52
          9,60	    115,36
          9,80	    117,82
         10,00	    115,05
         10,20	    117,67
         10,40	    115,18
         10,60	    117,16
         10,80	    115,16
         11,00	    117,57
         11,20	    114,75
         11,40	    117,18
         11,60	    115,45
         11,80	    116,80
         12,00	    117,11
         12,20	    117,02
         12,40	    116,36
         12,60	    119,97
         12,80	    116,86
         13,00	    116,83
         13,20	    117,28
         13,40	    117,25
         13,60	    117,32
         13,80	    119,59
         14,00	    117,79
         14,20	    118,34
         14,40	    118,97
         14,60	    118,68
         14,80	    137,53
         15,00	    119,21
         15,20	    121,34
         15,40	    126,10
         15,60	    119,65
         15,80	    118,99
         16,00	    130,91
         16,20	    120,06
         16,40	    120,05
         16,60	    119,31
         16,80	    119,55
         17,00	    121,12
         17,20	    120,04
         17,40	    119,66
         17,60	    119,94
         17,80	    119,93
         18,00	    120,06
         18,20	    120,51
         18,40	    120,18
         18,60	    120,00
         18,80	    120,35
         19,00	    121,39
         19,20	    120,10
         19,40	    122,22
         19,60	    121,17
         19,80	    120,37
         20,00	    120,58
         20,20	    120,76
         20,40	    121,29
         20,60	    121,00
         20,80	    121,30
         21,00	    122,53
         21,20	    121,87
         21,40	    121,77
         21,60	    121,71
         21,80	    122,25
         22,00	    121,50
         22,20	    121,55
         22,40	    122,59
         22,60	    124,13
         22,80	    122,13
         23,00	    122,11
         23,20	    122,83
         23,40	    122,82
         23,60	    122,36
         23,80	    122,90
         24,00	    122,53
         24,20	    123,04
         24,40	    125,32
         24,60	    122,93
         24,80	    123,07
         25,00	    123,52
         25,20	    123,35
         25,40	    123,34
         25,60	    123,94
         25,80	    124,32
         26,00	    123,88
         26,20	    129,26
         26,40	    124,74
         26,60	    123,75
         26,80	    124,62
         27,00	    124,21
         27,20	    125,06
         27,40	    124,92
         27,60	    124,68
         27,80	    125,04
         28,00	    124,76
         28,20	    125,36
         28,40	    127,97
         28,60	    126,05
         28,80	    125,24
         29,00	    125,79
         29,20	    126,26
         29,40	    125,87
         29,60	    125,67
         29,80	    126,62
         30,00	    126,36
         30,20	    126,26
         30,40	    126,56
         30,60	    126,43
         30,80	    126,49
         31,00	    126,85
         31,20	    127,46
         31,40	    127,24
         31,60	    128,57
         31,80	    127,34
         32,00	    127,64
         32,20	    127,59
         32,40	    127,81
         32,60	    127,74
         32,80	    128,36
         33,00	    127,99
         33,20	    128,76
         33,40	    129,01
         33,60	    128,49
         33,80	    128,57
         34,00	    128,57
         34,20	    128,82
         34,40	    128,55
         34,60	    130,04
         34,80	    129,16
         35,00	    129,45
         35,20	    129,63
         35,40	    129,57
         35,60	    130,23
         35,80	    130,07
         36,00	    130,33
         36,20	    130,11
         36,40	    130,49
         36,60	    130,94
         36,80	    130,54
         37,00	    132,52
         37,20	    131,21
         37,40	    131,43
         37,60	    131,81
         37,80	    131,42
         38,00	    131,33
         38,20	    131,91
         38,40	    131,58
         38,60	    132,60
         38,80	    132,01
         39,00	    132,62
         39,20	    132,01
         39,40	    133,52
         39,60	    132,94
         39,80	    133,47
         40,00	    132,89
         40,20	    133,58
         40,40	    133,75
         40,60	    133,36
         40,80	    133,78
         41,00	    134,39
         41,20	    134,06
         41,40	    134,60
         41,60	    134,43
         41,80	    134,23
         42,00	    134,56
         42,20	    135,35
         42,40	    134,72
         42,60	    135,06
         42,80	    135,14
         43,00	    135,97
         43,20	    136,09
         43,40	    135,61
         43,60	    136,02
         43,80	    136,54
         44,00	    136,70
         44,20	    137,98
         44,40	    136,20
         44,60	    136,93
         44,80	    136,57
         45,00	    136,85
         45,20	    137,21
         45,40	    137,61
         45,60	    138,05
         45,80	    137,62
         46,00	    137,70
         46,20	    142,40
         46,40	    138,31
         46,60	    138,13
         46,80	    138,53
         47,00	    139,34
         47,20	    138,66
         47,40	    138,80
         47,60	    139,05
         47,80	    140,33
         48,00	    139,58
         48,20	    139,48
         48,40	    140,08
         48,60	    140,12
         48,80	    140,08
         49,00	    140,14
         49,20	    141,55
         49,40	    140,76
         49,60	    140,92
         49,80	    141,39
         50,00	    141,25
         50,20	    142,27
         50,40	    141,35
         50,60	    141,73
         50,80	    141,79
         51,00	    141,89
         51,20	    142,24
         51,40	    142,97
         51,60	    143,31
         51,80	    142,62
         52,00	    142,76
         52,20	    143,66
         52,40	    143,34
         52,60	    143,66
         52,80	    143,44
         53,00	    143,56
         53,20	    143,92
         53,40	    143,87
         53,60	    143,77
         53,80	    144,11
         54,00	    144,10
         54,20	    144,27
         54,40	    144,79
         54,60	    145,10
         54,80	    144,90
         55,00	    145,23
         55,20	    147,05
         55,40	    145,34
         55,60	    145,47
         55,80	    146,00
         56,00	    146,07
         56,20	    146,17
         56,40	    146,51
         56,60	    146,12
         56,80	    146,86
         57,00	    147,12
         57,20	    147,64
         57,40	    147,62
         57,60	    148,53
         57,80	    147,51
         58,00	    148,01
         58,20	    148,65
         58,40	    148,33
         58,60	    148,74
         58,80	    148,50
         59,00	    152,14
         59,20	    149,37
         59,40	    148,72
         59,60	    149,21
         59,80	    149,80
         60,00	    149,23
         60,20	    149,16
         60,40	    149,94
         60,60	    149,81
         60,80	    152,94
         61,00	    152,51
         61,20	    152,95
         61,40	    152,18
         61,60	    151,32
         61,80	    151,10
         62,00	    151,71
         62,20	    150,99
         62,40	    151,05
         62,60	    151,38
         62,80	    151,30
         63,00	    152,18
         63,20	    151,82
         63,40	    152,16
         63,60	    152,33
         63,80	    151,95
         64,00	    153,97
         64,20	    152,43
         64,40	    152,73
         64,60	    153,29
         64,80	    153,18
         65,00	    153,99
         65,20	    153,27
         65,40	    153,84
         65,60	    154,01
         65,80	    154,02
         66,00	    154,58
         66,20	    154,34
         66,40	    154,68
         66,60	    154,80
         66,80	    154,82
         67,00	    155,27
         67,20	    155,19
         67,40	    155,66
         67,60	    156,00
         67,80	    174,08
         68,00	    215,62
         68,20	    156,10
         68,40	    156,44
         68,60	    156,44
         68,80	    159,80
         69,00	    156,51
         69,20	    157,33
         69,40	    157,08
         69,60	    157,16
         69,80	    157,63
         70,00	    157,30
         70,20	    157,64
         70,40	    157,75
         70,60	    158,19
         70,80	    159,34
         71,00	    158,30
         71,20	    158,97
         71,40	    158,81
         71,60	    159,13
         71,80	    159,01
         72,00	    159,60
         72,20	    159,41
         72,40	    159,81
         72,60	    160,13
         72,80	    160,21
         73,00	    160,44
         73,20	    160,65
         73,40	    160,50
         73,60	    160,78
         73,80	    160,83
         74,00	    161,46
         74,20	    161,20
         74,40	    161,81
         74,60	    166,16
         74,80	    162,13
         75,00	    162,33
         75,20	    162,16
         75,40	    162,91
         75,60	    163,52
         75,80	    164,19
         76,00	    163,05
         76,20	    164,87
         76,40	    164,18
         76,60	    164,43
         76,80	    164,45
         77,00	    164,90
         77,20	    167,08
         77,40	    165,31
         77,60	    165,56
         77,80	    167,12
         78,00	    165,86
         78,20	    166,53
         78,40	    166,78
         78,60	    166,59
         78,80	    167,29
         79,00	    167,13
         79,20	    167,57
         79,40	    167,46
         79,60	    168,06
         79,80	    168,06
         80,00	    170,17
         80,20	    168,82
         80,40	    169,37
         80,60	    170,57
         80,80	    169,82
         81,00	    170,93
         81,20	    171,16
         81,40	    171,38
         81,60	    171,19
         81,80	    172,29
         82,00	    172,77
         82,20	    173,08
         82,40	    173,34
         82,60	    173,66
         82,80	    174,21
         83,00	    174,12
         83,20	    175,50
         83,40	    175,64
         83,60	    175,58
         83,80	    176,43
         84,00	    176,36
         84,20	    177,62
         84,40	    176,78
         84,60	    178,15
         84,80	    178,74
         85,00	    179,29
         85,20	    179,25
         85,40	    179,75
         85,60	    180,91
         85,80	    180,90
         86,00	    182,25
         86,20	    182,03
         86,40	    182,85
         86,60	    183,42
         86,80	    184,67
         87,00	    184,88
         87,20	    185,48
         87,40	    186,42
         87,60	    187,37
         87,80	    187,52
         88,00	    188,82
         88,20	    188,69
         88,40	    190,40
         88,60	    191,28
         88,80	    192,27
         89,00	    192,57
         89,20	    192,43
         89,40	    194,69
         89,60	    197,88
         89,80	    197,11
         90,00	    196,90
         90,20	    200,26
         90,40	    199,42
         90,60	    199,70
         90,80	    204,54
         91,00	    203,48
         91,20	    205,60
         91,40	    208,42
         91,60	    207,44
         91,80	    208,03
         92,00	    211,16
         92,20	    210,67
         92,40	    213,83
         92,60	    214,92
         92,80	    216,48
         93,00	    220,20
         93,20	    221,22
         93,40	    223,91
         93,60	    227,79
         93,80	    229,93
         94,00	    230,88
         94,20	    236,34
         94,40	    238,36
         94,60	    245,29
         94,80	    245,62
         95,00	    252,86
         95,20	    257,58
         95,40	    255,39
         95,60	    264,14
         95,80	    271,85
         96,00	    276,00
         96,20	    396,04
         96,40	    352,45
         96,60	    294,70
         96,80	    310,32
         97,00	    311,46
         97,20	    323,91
         97,40	    344,46
         97,60	    355,79
         97,80	    373,60
         98,00	    412,89
         98,20	    414,59
         98,40	    456,44
         98,60	    502,44
         98,80	    543,04
         99,00	    678,98
         99,20	    812,21
         99,40	    862,27
         99,60	   1415,90
         99,80	   2589,47
