       100	  0,000041
       120	  0,000035
       144	  0,000033
       172	  0,000045
       206	  0,000046
       247	  0,000100
       296	  0,000102
       355	  0,000054
       426	  0,000068
       511	  0,000077
       613	  0,000091
       735	  0,000104
       882	  0,000132
      1058	  0,000150
      1269	  0,000180
      1522	  0,000214
      1826	  0,000262
      2191	  0,000313
      2629	  0,000363
      3154	  0,000438
      3784	  0,000522
      4540	  0,000627
      5448	  0,000746
      6537	  0,000840
      7844	  0,000998
      9412	  0,001190
     11294	  0,001350
     13552	  0,001582
     16262	  0,001903
     19514	  0,002203
     23416	  0,002582
     28099	  0,002993
     33718	  0,003437
     40461	  0,003977
     48553	  0,004550
     58263	  0,005481
     69915	  0,006483
     83898	  0,007757
    100677	  0,009616
    120812	  0,011296
    144974	  0,013527
    173968	  0,016131
    208761	  0,019539
    250513	  0,023528
    300615	  0,030174
    360738	  0,033500
    432885	  0,040137
    519462	  0,048487
    623354	  0,060654
    748024	  0,069416
    897628	  0,083232
   1077153	  0,099923
   1292583	  0,119887
   1551099	  0,143816
   1861318	  0,176614
   2233581	  0,208382
   2680297	  0,248196
   3216356	  0,298672
   3859627	  0,357594
   4631552	  0,430890
   5557862	  0,521204
   6669434	  0,618748
   8003321	  0,742815
   9603986	  0,891820
  11524784	  1,067357
